[]
[]
[]
[]
[]
[]
[]
[]
[]
[]
[]
[]
[]
[]
[]
[]
[]
[]
[]
[]
[]
[]
[]
[]
[]
[]
[]
[]
[]
[]
[]
[]
[]
[]
[]
[]
[]
[]
[]
[]
[]
[]
[]
[]
[]
[]
[]
[]
[]
[]
[]
[]
[]
[]
[]
[]
[]
[]
[]
[]
[]
[]
[]
[]
[]
[]
[]
[]
[]
[]
[]
[]
[]
[]
[]
[]
[]
[]
[]
[]
[]
[]
[]
[]
[]
[]
[]
[]
[]
[]
[]
[]
[]
[]
[]
[]
[]
[]
[]
[]
[]
[]
[]
[]
[]
[]
[]
[]
[]
[]
[]
[]
[]
[]
[]
[]
[]
[]
[]
[]
[]
[]
[]
[]
[]
[]
[]
[]
[]
[]
[]
[]
[]
[]
[]
[]
[]
[]
[]
[]
[]
[]
[]
[]
[]
[]
[]
[]
[]
[]
[]
[]
[]
[]
[]
[]
[]
[]
[]
[]
[]
[]
[]
[]
[]
[]
[]
[]
[]
[]
[]
[]
[]
[]
[]
[]
[]
[]
[]
[]
[]
[]
[]
[]
[]
[]
[]
[]
[]
[]
[]
[]
[]
[]
[]
[]
[]
[]
[]
[]
[]
[]
[]
[]
[]
[]
[]
[]
[]
[]
[]
[]
[]
[]
[]
[]
[]
[]
[]
[]
[]
[]
[]
[]
[]
[]
[]
[]
[]
[]
[]
[]
[]
[]
[]
[]
[]
[]
[]
[]
[]
[]
[]
[]
[]
[]
[]
[]
[]
[]
[]
[]
[]
[]
[]
[]
[]
[]
[]
[]
[]
[]
[]
[]
[]
[]
[]
[]
[]
[]
[]
[]
[]
[]
[]
[]
[]
[]
[]
[]
[]
[1]
[2]
[3]
[4]
[5]
[6]
[7]
[8]
[9]
[10]
[11]
[12]
[13]
[14]
[14]
[14]
[14]
[14]
[14]
[14]
[14]
[14]
[14]
[14]
[14]
[14]
[14]
[14]
[14]
[14]
[14]
[14]
[14]
[14]
[14]
[14]
[14]
[14]
[14]
[14]
[14]
[14]
[14]
[14]
[14]
[14]
[14]
[14]
[14]
[14]
[14]
[14]
[14]
[14]
[14]
[14]
[14]
[14]
[14]
[14]
[14]
[14]
[14]
[14]
[14]
[14]
[14]
[14]
[14]
[14]
[14]
[14]
[14]
[14]
[14]
[14]
[14]
[14]
[14]
[14]
[14]
[14]
[14]
[14]
[15, 1]
[16, 2]
[17, 3]
[18, 4]
[19, 5]
[20, 6]
[21, 7]
[22, 8]
[23, 9]
[24, 10]
[25, 11]
[26, 12]
[27, 13]
[28, 14]
[29, 15]
[30, 16]
[31, 17]
[32, 18]
[33, 19]
[34, 20]
[35, 21]
[36, 22]
[37, 23]
[38, 24]
[39, 25]
[40, 26]
[41, 27]
[42, 28]
[43, 29]
[43, 29]
[43, 29]
[43, 29]
[43, 29]
[43, 29]
[43, 29]
[43, 29]
[43, 29]
[43, 29]
[43, 29]
[43, 29]
[43, 29]
[43, 29]
[43, 29]
[43, 29]
[43, 29]
[43, 29]
[43, 29]
[43, 29]
[43, 29]
[43, 29]
[43, 29]
[43, 29]
[43, 29]
[43, 29]
[43, 29]
[43, 29]
[43, 29]
[43, 29]
[43, 29]
[43, 29]
[43, 29]
[43, 29]
[43, 29]
[43, 29]
[43, 29]
[43, 29]
[43, 29]
[43, 29]
[43, 29]
[43, 29]
[43, 29]
[43, 29]
[43, 29]
[43, 29]
[43, 29]
[43, 29]
[43, 29]
[43, 29]
[43, 29]
[43, 29]
[43, 29]
[43, 29]
[43, 29]
[43, 29]
[43, 29]
[43, 29]
[43, 29]
[43, 29]
[43, 29]
[43, 29]
[43, 29]
[43, 29]
[43, 29]
[43, 29]
[43, 29]
[43, 29]
[43, 29]
[43, 29]
[43, 29]
[43, 29]
[43, 29]
[43, 29]
[43, 29]
[43, 29]
[43, 29]
[43, 29]
[43, 29]
[43, 29]
[43, 29]
[43, 29]
[43, 29]
[43, 29]
[43, 29]
[43, 29]
[43, 29]
[43, 29]
[43, 29]
[43, 29]
[43, 29]
[43, 29]
[43, 29]
[43, 29]
[43, 29]
[43, 29]
[43, 29]
[43, 29]
[43, 29]
[43, 29]
[43, 29]
[43, 29]
[43, 29]
[43, 29]
[44, 30, 1, 1]
[45, 31, 2, 2]
[46, 32, 3, 3]
[47, 33, 4, 4]
[48, 34, 5, 5]
[49, 35, 6, 6]
[50, 36, 7, 7]
[51, 37, 8, 8]
[52, 38, 9, 9]
[53, 39, 10, 10]
[54, 40, 11, 11]
[55, 41, 12, 12]
[56, 42, 13, 13]
[57, 43, 14, 14]
[58, 44, 15, 15]
[59, 45, 16, 16]
[60, 46, 17, 17]
[61, 47, 18, 18]
[62, 48, 19, 19]
[63, 49, 20, 20]
[64, 50, 21, 21]
[65, 51, 22, 22]
[66, 52, 23, 23]
[67, 53, 24, 24]
[68, 54, 25, 25]
[69, 55, 26, 26]
[70, 56, 27, 27]
[71, 57, 28, 28]
[72, 58, 29, 29]
[73, 59, 30, 30]
[74, 60, 31, 31]
[75, 61, 32, 32]
[76, 62, 33, 33]
[77, 63, 34, 34]
[78, 64, 35, 35]
[79, 65, 36, 36]
[80, 66, 37, 37]
[81, 67, 38, 38]
[82, 68, 39, 39]
[83, 69, 40, 40]
[84, 70, 41, 41]
[85, 71, 42, 42]
[86, 72, 43, 43]
[86, 72, 43, 43]
[87, 73, 44, 44]
[88, 74, 45, 45]
[88, 74, 45, 45]
[89, 75, 46, 46]
[90, 76, 47, 47]
[91, 77, 48, 48]
[91, 77, 48, 48]
[91, 77, 48, 48]
[91, 77, 48, 48]
[91, 77, 48, 48]
[92, 78, 49, 49]
[92, 78, 49, 49]
[92, 78, 49, 49]
[92, 78, 49, 49]
[92, 78, 49, 49]
[92, 78, 49, 49]
[92, 78, 49, 49]
[92, 78, 49, 49]
[92, 78, 49, 49]
[92, 78, 49, 49]
[92, 78, 49, 49]
[92, 78, 49, 49]
[92, 78, 49, 49]
[92, 78, 49, 49]
[92, 78, 49, 49]
[92, 78, 49, 49]
[92, 78, 49, 49]
[92, 78, 49, 49]
[92, 78, 49, 49]
[92, 78, 49, 49]
[92, 78, 49, 49]
[92, 78, 49, 49]
[92, 78, 49, 49]
[92, 78, 49, 49]
[92, 78, 49, 49]
[92, 78, 49, 49]
[92, 78, 49, 49]
[92, 78, 49, 49]
[92, 78, 49, 49]
[92, 78, 49, 49]
[92, 78, 49, 49]
[92, 78, 49, 49]
[92, 78, 49, 49]
[92, 78, 49, 49]
[92, 78, 49, 49]
[92, 78, 49, 49]
[92, 78, 49, 49]
[92, 78, 49, 49]
[92, 78, 49, 49]
[93, 79, 50, 50]
[94, 80, 51, 51]
[95, 81, 52, 52]
[96, 82, 53, 53]
[97, 83, 54, 54]
[98, 84, 55, 55]
[99, 85, 56, 56]
[100, 86, 57, 57]
[101, 87, 58, 58]
[102, 88, 59, 59]
[103, 89, 60, 60]
[104, 90, 61, 61]
[105, 91, 62, 62]
[106, 92, 63, 63]
[107, 93, 64, 64]
[108, 94, 65, 65]
[109, 95, 66, 66]
[110, 96, 67, 67]
[111, 97, 68, 68]
[112, 98, 69, 69]
[113, 99, 70, 70]
[114, 100, 71, 71]
[115, 101, 72, 72]
[116, 102, 73, 73]
[117, 103, 74, 74]
[118, 104, 75, 75]
[119, 105, 76, 76]
[120, 106, 77, 77]
[121, 107, 78, 78]
[122, 108, 79, 79]
[123, 109, 80, 80]
[124, 110, 81, 81]
[125, 111, 82, 82]
[126, 112, 83, 83]
[127, 113, 84, 84]
[128, 114, 85, 85]
[129, 115, 86, 86]
[130, 116, 87, 87]
[131, 117, 88, 88]
[132, 118, 89, 89]
[133, 119, 90, 90]
[133, 119, 90, 90]
[134, 120, 91, 91]
[135, 121, 92, 92]
[136, 122, 93, 93]
[137, 123, 94, 94]
[138, 124, 95, 95]
[139, 125, 96, 96]
[140, 126, 97, 97]
[141, 127, 98, 98]
[142, 128, 99, 99]
[143, 129, 100, 100]
[144, 130, 101, 101]
[145, 131, 102, 102]
[146, 132, 103, 103]
[147, 133, 104, 104]
[148, 134, 105, 105]
[149, 135, 106, 106]
[150, 136, 107, 107]
[151, 137, 108, 108]
[152, 138, 109, 109]
[153, 139, 110, 110]
[154, 140, 111, 111]
[155, 141, 112, 112]
[156, 142, 113, 113]
[157, 143, 114, 114]
[158, 144, 115, 115]
[158, 144, 115, 115]
[158, 144, 115, 115]
[158, 144, 115, 115]
[158, 144, 115, 115]
[158, 144, 115, 115]
[158, 144, 115, 115]
[158, 144, 115, 115]
[158, 144, 115, 115]
[158, 144, 115, 115]
[158, 144, 115, 115]
[158, 144, 115, 115]
[158, 144, 115, 115]
[158, 144, 115, 115]
[158, 144, 115, 115]
[158, 144, 115, 115]
[158, 144, 115, 115]
[158, 144, 115, 115]
[158, 144, 115, 115]
[158, 144, 115, 115]
[158, 144, 115, 115]
[158, 144, 115, 115]
[158, 144, 115, 115]
[158, 144, 115, 115]
[158, 144, 115, 115]
[158, 144, 115, 115]
[158, 144, 115, 115]
[158, 144, 115, 115]
[158, 144, 115, 115]
[158, 144, 115, 115]
[158, 144, 115, 115]
[158, 144, 115, 115]
[158, 144, 115, 115]
[158, 144, 115, 115]
[158, 144, 115, 115]
[158, 144, 115, 115]
[158, 144, 115, 115]
[158, 144, 115, 115]
[158, 144, 115, 115]
[158, 144, 115, 115]
[158, 144, 115, 115]
[158, 144, 115, 115]
[158, 144, 115, 115]
[158, 144, 115, 115]
[158, 144, 115, 115]
[158, 144, 115, 115]
[158, 144, 115, 115]
[158, 144, 115, 115]
[158, 144, 115, 115]
[158, 144, 115, 115]
[158, 144, 115, 115]
[158, 144, 115, 115]
[158, 144, 115, 115]
[158, 144, 115, 115]
[158, 144, 115, 115]
[158, 144, 115, 115]
[158, 144, 115, 115]
[158, 144, 115, 115]
[158, 144, 115, 115]
[158, 144, 115, 115]
[158, 144, 115, 115]
[158, 144, 115, 115]
[158, 144, 115, 115]
[158, 144, 115, 115]
[158, 144, 115, 115]
[158, 144, 115, 115]
[158, 144, 115, 115]
[158, 144, 115, 115]
[158, 144, 115, 115]
[158, 144, 115, 115]
[158, 144, 115, 115]
[158, 144, 115, 115]
[158, 144, 115, 115]
[158, 144, 115, 115]
[158, 144, 115, 115]
[158, 144, 115, 115]
[158, 144, 115, 115]
[158, 144, 115, 115]
[158, 144, 115, 115]
[158, 144, 115, 115]
[158, 144, 115, 115]
[158, 144, 115, 115]
[158, 144, 115, 115]
[158, 144, 115, 115]
[158, 144, 115, 115]
[158, 144, 115, 115]
[158, 144, 115, 115]
[158, 144, 115, 115]
[158, 144, 115, 115]
[158, 144, 115, 115]
[158, 144, 115, 115]
[158, 144, 115, 115]
[158, 144, 115, 115]
[158, 144, 115, 115]
[158, 144, 115, 115]
[158, 144, 115, 115]
[158, 144, 115, 115]
[158, 144, 115, 115]
[158, 144, 115, 115]
[158, 144, 115, 115]
[158, 144, 115, 115]
[158, 144, 115, 115]
[158, 144, 115, 115]
[158, 144, 115, 115]
[158, 144, 115, 115]
[158, 144, 115, 115]
[158, 144, 115, 115]
[158, 144, 115, 115]
[158, 144, 115, 115]
[158, 144, 115, 115]
[158, 144, 115, 115]
[158, 144, 115, 115]
[158, 144, 115, 115]
[158, 144, 115, 115]
[158, 144, 115, 115]
[158, 144, 115, 115]
[158, 144, 115, 115]
[158, 144, 115, 115]
[158, 144, 115, 115]
[158, 144, 115, 115]
[158, 144, 115, 115]
[158, 144, 115, 115]
[158, 144, 115, 115]
[158, 144, 115, 115]
[158, 144, 115, 115]
[158, 144, 115, 115]
[158, 144, 115, 115]
[158, 144, 115, 115]
[158, 144, 115, 115]
[158, 144, 115, 115]
[158, 144, 115, 115]
[158, 144, 115, 115]
[158, 144, 115, 115]
[158, 144, 115, 115]
[158, 144, 115, 115]
[158, 144, 115, 115]
[158, 144, 115, 115]
[158, 144, 115, 115]
[158, 144, 115, 115]
[158, 144, 115, 115]
[158, 144, 115, 115]
[158, 144, 115, 115]
[158, 144, 115, 115]
[158, 144, 115, 115]
[158, 144, 115, 115]
[158, 144, 115, 115]
[158, 144, 115, 115]
[158, 144, 115, 115]
[158, 144, 115, 115]
[158, 144, 115, 115]
[158, 144, 115, 115]
[158, 144, 115, 115]
[158, 144, 115, 115]
[158, 144, 115, 115]
[158, 144, 115, 115]
[158, 144, 115, 115]
[158, 144, 115, 115]
[158, 144, 115, 115]
[158, 144, 115, 115]
[158, 144, 115, 115]
[158, 144, 115, 115]
[158, 144, 115, 115]
[158, 144, 115, 115]
[158, 144, 115, 115]
[158, 144, 115, 115]
[158, 144, 115, 115]
[158, 144, 115, 115]
[158, 144, 115, 115]
[158, 144, 115, 115]
[158, 144, 115, 115]
[158, 144, 115, 115]
[158, 144, 115, 115]
[158, 144, 115, 115]
[158, 144, 115, 115]
[158, 144, 115, 115]
[158, 144, 115, 115]
[158, 144, 115, 115]
[158, 144, 115, 115]
[158, 144, 115, 115]
[158, 144, 115, 115]
[158, 144, 115, 115]
[158, 144, 115, 115]
[158, 144, 115, 115]
[158, 144, 115, 115]
[158, 144, 115, 115]
[158, 144, 115, 115]
[158, 144, 115, 115]
[158, 144, 115, 115]
[158, 144, 115, 115]
[158, 144, 115, 115]
[158, 144, 115, 115]
[158, 144, 115, 115]
[158, 144, 115, 115]
[158, 144, 115, 115]
[158, 144, 115, 115]
[158, 144, 115, 115]
[158, 144, 115, 115]
[158, 144, 115, 115]
[158, 144, 115, 115]
[158, 144, 115, 115]
[158, 144, 115, 115]
[158, 144, 115, 115]
[158, 144, 115, 115]
[158, 144, 115, 115]
[158, 144, 115, 115]
[158, 144, 115, 115]
[158, 144, 115, 115]
[158, 144, 115, 115]
[158, 144, 115, 115]
[158, 144, 115, 115]
[158, 144, 115, 115]
[158, 144, 115, 115]
[158, 144, 115, 115]
[158, 144, 115, 115]
[158, 144, 115, 115]
[158, 144, 115, 115]
[158, 144, 115, 115]
[158, 144, 115, 115]
[158, 144, 115, 115]
[158, 144, 115, 115]
[158, 144, 115, 115]
[158, 144, 115, 115]
[158, 144, 115, 115]
[158, 144, 115, 115]
[158, 144, 115, 115]
[158, 144, 115, 115]
[158, 144, 115, 115]
[158, 144, 115, 115]
[158, 144, 115, 115]
[158, 144, 115, 115]
[158, 144, 115, 115]
[158, 144, 115, 115]
[158, 144, 115, 115]
[158, 144, 115, 115]
[158, 144, 115, 115]
[158, 144, 115, 115]
[158, 144, 115, 115]
[158, 144, 115, 115]
[158, 144, 115, 115]
[158, 144, 115, 115]
[158, 144, 115, 115]
[158, 144, 115, 115]
[158, 144, 115, 115]
[158, 144, 115, 115]
[158, 144, 115, 115]
[158, 144, 115, 115]
[158, 144, 115, 115]
[158, 144, 115, 115]
[158, 144, 115, 115]
[158, 144, 115, 115]
[158, 144, 115, 115]
[158, 144, 115, 115]
[158, 144, 115, 115]
[158, 144, 115, 115]
[158, 144, 115, 115]
[158, 144, 115, 115]
[158, 144, 115, 115]
[158, 144, 115, 115]
[158, 144, 115, 115]
[158, 144, 115, 115]
[158, 144, 115, 115]
[158, 144, 115, 115]
[158, 144, 115, 115]
[158, 144, 115, 115]
[158, 144, 115, 115]
[158, 144, 115, 115]
[158, 144, 115, 115]
[158, 144, 115, 115]
[158, 144, 115, 115]
[158, 144, 115, 115]
[158, 144, 115, 115]
[158, 144, 115, 115]
