999.0
957.5
964.5
909.5
914.0
906.0
852.5
877.0
904.0
963.5
970.0
946.5
951.5
951.0
942.0
953.5
940.0
966.5
972.5
975.5
964.5
960.0
966.5
974.5
940.5
940.5
944.5
956.5
960.5
960.0
968.5
962.0
958.0
957.5
941.5
917.5
898.0
999.0
999.0
957.5
999.0
957.5
964.5
909.5
914.0
906.0
852.5
877.0
999.0
957.5
964.5
909.5
914.0
906.0
852.5
877.0
904.0
963.5
970.0
946.5
951.5
951.0
942.0
953.5
940.0
966.5
972.5
975.5
964.5
960.0
966.5
974.5
940.5
940.5
944.5
956.5
960.5
960.0
968.5
962.0
958.0
957.5
941.5
917.5
898.0
999.0
957.5
964.5
909.5
914.0
906.0
852.5
877.0
904.0
963.5
970.0
946.5
951.5
951.0
942.0
953.5
940.0
966.5
972.5
975.5
964.5
960.0
966.5
974.5
940.5
940.5
999.0
957.5
964.5
909.5
914.0
906.0
852.5
877.0
904.0
963.5
970.0
946.5
951.5
951.0
942.0
953.5
940.0
966.5
972.5
975.5
964.5
960.0
966.5
974.5
940.5
940.5
944.5
956.5
960.5
960.0
968.5
962.0
958.0
957.5
941.5
917.5
898.0
999.0
957.5
964.5
909.5
914.0
906.0
999.0
999.0
957.5
964.5
909.5
914.0
906.0
852.5
877.0
904.0
963.5
970.0
946.5
951.5
951.0
942.0
953.5
940.0
966.5
972.5
975.5
964.5
960.0
966.5
974.5
940.5
940.5
944.5
956.5
960.5
960.0
968.5
962.0
958.0
957.5
941.5
917.5
898.0
999.0
957.5
964.5
909.5
914.0
906.0
852.5
877.0
904.0
963.5
970.0
946.5
951.5
951.0
942.0
953.5
940.0
999.0
957.5
964.5
909.5
914.0
906.0
852.5
877.0
904.0
963.5
970.0
946.5
951.5
951.0
942.0
953.5
940.0
966.5
972.5
975.5
964.5
960.0
966.5
974.5
940.5
940.5
944.5
956.5
960.5
960.0
968.5
962.0
958.0
957.5
941.5
917.5
898.0
999.0
957.5
964.5
909.5
914.0
906.0
852.5
877.0
904.0
963.5
970.0
946.5
951.5
951.0
942.0
953.5
940.0
966.5
972.5
975.5
964.5
960.0
966.5
974.5
940.5
940.5
944.5
956.5
960.5
960.0
968.5
962.0
958.0
957.5
941.5
917.5
898.0
999.0
957.5
964.5
909.5
914.0
906.0
852.5
877.0
904.0
963.5
970.0
946.5
951.5
951.0
942.0
953.5
999.0
957.5
964.5
909.5
914.0
906.0
852.5
877.0
904.0
963.5
970.0
946.5
951.5
951.0
942.0
953.5
940.0
966.5
972.5
975.5
964.5
960.0
966.5
974.5
940.5
940.5
944.5
956.5
960.5
960.0
968.5
962.0
958.0
957.5
941.5
917.5
898.0
999.0
957.5
964.5
909.5
914.0
906.0
852.5
877.0
904.0
963.5
970.0
946.5
951.5
951.0
942.0
953.5
940.0
966.5
972.5
975.5
964.5
960.0
966.5
974.5
940.5
940.5
944.5
956.5
960.5
960.0
968.5
962.0
958.0
957.5
941.5
917.5
898.0
999.0
957.5
964.5
909.5
914.0
906.0
852.5
877.0
904.0
963.5
970.0
946.5
951.5
951.0
942.0
953.5
940.0
966.5
972.5
975.5
964.5
960.0
999.0
957.5
964.5
909.5
914.0
906.0
852.5
877.0
904.0
963.5
970.0
946.5
951.5
951.0
942.0
953.5
940.0
966.5
972.5
975.5
964.5
960.0
966.5
974.5
940.5
940.5
944.5
956.5
960.5
960.0
968.5
962.0
958.0
957.5
941.5
917.5
898.0
