1.0427036278759123
0.9533750960381979
0.9691880988648993
0.8235117741121251
0.8101331356680382
0.7623911911957383
0.5174816006853951
0.5999986165819015
0.6936446683250114
0.9744663374776176
1.0097129582919961
0.8803391140859249
0.9048114833607677
0.8989824112882595
0.8398068875733307
0.912157323509575
0.8187449159014353
0.99960787116003
1.0406712888760847
1.0636690115436007
0.9857665219975628
0.9555800485124872
0.999369778597221
1.0528994278548747
0.8182392554391669
0.8126490491487076
0.834871988955053
0.9255950360199435
0.958336471512962
0.9536675944957579
1.0341721901397787
0.9730992978816575
0.9318004245087066
0.9249140754777488
0.7483998170864052
0.4834546010507018
0.23920986178997156
1.0427036278759123
0.9533750960381979
1.0427036278759123
0.9533750960381979
0.9691880988648993
0.8235117741121251
0.8101331356680382
0.7623911911957383
0.5174816006853951
0.5999986165819015
1.0427036278759123
0.9533750960381979
0.9691880988648993
0.8235117741121251
0.8101331356680382
0.7623911911957383
0.5174816006853951
0.5999986165819015
0.6936446683250114
0.9744663374776176
1.0097129582919961
0.8803391140859249
0.9048114833607677
0.8989824112882595
0.8398068875733307
0.912157323509575
0.8187449159014353
0.99960787116003
1.0406712888760847
1.0636690115436007
0.9857665219975628
0.9555800485124872
0.999369778597221
1.0528994278548747
0.8182392554391669
0.8126490491487076
0.834871988955053
0.9255950360199435
0.958336471512962
0.9536675944957579
1.0341721901397787
0.9730992978816575
0.9318004245087066
0.9249140754777488
0.7483998170864052
0.4834546010507018
0.23920986178997156
1.0427036278759123
0.9533750960381979
0.9691880988648993
0.8235117741121251
0.8101331356680382
0.7623911911957383
0.5174816006853951
0.5999986165819015
0.6936446683250114
0.9744663374776176
1.0097129582919961
0.8803391140859249
0.9048114833607677
0.8989824112882595
0.8398068875733307
0.912157323509575
0.8187449159014353
0.99960787116003
1.0406712888760847
1.0636690115436007
0.9857665219975628
0.9555800485124872
0.999369778597221
1.0528994278548747
0.8182392554391669
0.8126490491487076
1.0427036278759123
0.9533750960381979
0.9691880988648993
0.8235117741121251
0.8101331356680382
0.7623911911957383
0.5174816006853951
0.5999986165819015
0.6936446683250114
0.9744663374776176
1.0097129582919961
0.8803391140859249
0.9048114833607677
0.8989824112882595
0.8398068875733307
0.912157323509575
0.8187449159014353
0.99960787116003
1.0406712888760847
1.0636690115436007
0.9857665219975628
0.9555800485124872
0.999369778597221
1.0528994278548747
0.8182392554391669
0.8126490491487076
0.834871988955053
0.9255950360199435
0.958336471512962
0.9536675944957579
1.0341721901397787
0.9730992978816575
0.9318004245087066
0.9249140754777488
0.7483998170864052
0.4834546010507018
0.23920986178997156
1.0427036278759123
0.9533750960381979
0.9691880988648993
0.8235117741121251
0.8101331356680382
0.7623911911957383
1.0427036278759123
1.0427036278759123
0.9533750960381979
0.9691880988648993
0.8235117741121251
0.8101331356680382
0.7623911911957383
0.5174816006853951
0.5999986165819015
0.6936446683250114
0.9744663374776176
1.0097129582919961
0.8803391140859249
0.9048114833607677
0.8989824112882595
0.8398068875733307
0.912157323509575
0.8187449159014353
0.99960787116003
1.0406712888760847
1.0636690115436007
0.9857665219975628
0.9555800485124872
0.999369778597221
1.0528994278548747
0.8182392554391669
0.8126490491487076
0.834871988955053
0.9255950360199435
0.958336471512962
0.9536675944957579
1.0341721901397787
0.9730992978816575
0.9318004245087066
0.9249140754777488
0.7483998170864052
0.4834546010507018
0.23920986178997156
1.0427036278759123
0.9533750960381979
0.9691880988648993
0.8235117741121251
0.8101331356680382
0.7623911911957383
0.5174816006853951
0.5999986165819015
0.6936446683250114
0.9744663374776176
1.0097129582919961
0.8803391140859249
0.9048114833607677
0.8989824112882595
0.8398068875733307
0.912157323509575
0.8187449159014353
1.0427036278759123
0.9533750960381979
0.9691880988648993
0.8235117741121251
0.8101331356680382
0.7623911911957383
0.5174816006853951
0.5999986165819015
0.6936446683250114
0.9744663374776176
1.0097129582919961
0.8803391140859249
0.9048114833607677
0.8989824112882595
0.8398068875733307
0.912157323509575
0.8187449159014353
0.99960787116003
1.0406712888760847
1.0636690115436007
0.9857665219975628
0.9555800485124872
0.999369778597221
1.0528994278548747
0.8182392554391669
0.8126490491487076
0.834871988955053
0.9255950360199435
0.958336471512962
0.9536675944957579
1.0341721901397787
0.9730992978816575
0.9318004245087066
0.9249140754777488
0.7483998170864052
0.4834546010507018
0.23920986178997156
1.0427036278759123
0.9533750960381979
0.9691880988648993
0.8235117741121251
0.8101331356680382
0.7623911911957383
0.5174816006853951
0.5999986165819015
0.6936446683250114
0.9744663374776176
1.0097129582919961
0.8803391140859249
0.9048114833607677
0.8989824112882595
0.8398068875733307
0.912157323509575
0.8187449159014353
0.99960787116003
1.0406712888760847
1.0636690115436007
0.9857665219975628
0.9555800485124872
0.999369778597221
1.0528994278548747
0.8182392554391669
0.8126490491487076
0.834871988955053
0.9255950360199435
0.958336471512962
0.9536675944957579
1.0341721901397787
0.9730992978816575
0.9318004245087066
0.9249140754777488
0.7483998170864052
0.4834546010507018
0.23920986178997156
1.0427036278759123
0.9533750960381979
0.9691880988648993
0.8235117741121251
0.8101331356680382
0.7623911911957383
0.5174816006853951
0.5999986165819015
0.6936446683250114
0.9744663374776176
1.0097129582919961
0.8803391140859249
0.9048114833607677
0.8989824112882595
0.8398068875733307
0.912157323509575
1.0427036278759123
0.9533750960381979
0.9691880988648993
0.8235117741121251
0.8101331356680382
0.7623911911957383
0.5174816006853951
0.5999986165819015
0.6936446683250114
0.9744663374776176
1.0097129582919961
0.8803391140859249
0.9048114833607677
0.8989824112882595
0.8398068875733307
0.912157323509575
0.8187449159014353
0.99960787116003
1.0406712888760847
1.0636690115436007
0.9857665219975628
0.9555800485124872
0.999369778597221
1.0528994278548747
0.8182392554391669
0.8126490491487076
0.834871988955053
0.9255950360199435
0.958336471512962
0.9536675944957579
1.0341721901397787
0.9730992978816575
0.9318004245087066
0.9249140754777488
0.7483998170864052
0.4834546010507018
0.23920986178997156
1.0427036278759123
0.9533750960381979
0.9691880988648993
0.8235117741121251
0.8101331356680382
0.7623911911957383
0.5174816006853951
0.5999986165819015
0.6936446683250114
0.9744663374776176
1.0097129582919961
0.8803391140859249
0.9048114833607677
0.8989824112882595
0.8398068875733307
0.912157323509575
0.8187449159014353
0.99960787116003
1.0406712888760847
1.0636690115436007
0.9857665219975628
0.9555800485124872
0.999369778597221
1.0528994278548747
0.8182392554391669
0.8126490491487076
0.834871988955053
0.9255950360199435
0.958336471512962
0.9536675944957579
1.0341721901397787
0.9730992978816575
0.9318004245087066
0.9249140754777488
0.7483998170864052
0.4834546010507018
0.23920986178997156
1.0427036278759123
0.9533750960381979
0.9691880988648993
0.8235117741121251
0.8101331356680382
0.7623911911957383
0.5174816006853951
0.5999986165819015
0.6936446683250114
0.9744663374776176
1.0097129582919961
0.8803391140859249
0.9048114833607677
0.8989824112882595
0.8398068875733307
0.912157323509575
0.8187449159014353
0.99960787116003
1.0406712888760847
1.0636690115436007
0.9857665219975628
0.9555800485124872
1.0427036278759123
0.9533750960381979
0.9691880988648993
0.8235117741121251
0.8101331356680382
0.7623911911957383
0.5174816006853951
0.5999986165819015
0.6936446683250114
0.9744663374776176
1.0097129582919961
0.8803391140859249
0.9048114833607677
0.8989824112882595
0.8398068875733307
0.912157323509575
0.8187449159014353
0.99960787116003
1.0406712888760847
1.0636690115436007
0.9857665219975628
0.9555800485124872
0.999369778597221
1.0528994278548747
0.8182392554391669
0.8126490491487076
0.834871988955053
0.9255950360199435
0.958336471512962
0.9536675944957579
1.0341721901397787
0.9730992978816575
0.9318004245087066
0.9249140754777488
0.7483998170864052
0.4834546010507018
0.23920986178997156
