1079
1071
997
878
737
660
589
562
518
481
462
440
414
397
390
378
370
371
370
362
374
385
373
375
361
349
332
315
301
288
278
265
257
247
246
246
238
1079
1071
1079
1071
997
878
737
660
589
562
1079
1071
997
878
737
660
589
562
518
481
462
440
414
397
390
378
370
371
370
362
374
385
373
375
361
349
332
315
301
288
278
265
257
247
246
246
238
1079
1071
997
878
737
660
589
562
518
481
462
440
414
397
390
378
370
371
370
362
374
385
373
375
361
349
1079
1071
997
878
737
660
589
562
518
481
462
440
414
397
390
378
370
371
370
362
374
385
373
375
361
349
332
315
301
288
278
265
257
247
246
246
238
1079
1071
997
878
737
660
1079
1079
1071
997
878
737
660
589
562
518
481
462
440
414
397
390
378
370
371
370
362
374
385
373
375
361
349
332
315
301
288
278
265
257
247
246
246
238
1079
1071
997
878
737
660
589
562
518
481
462
440
414
397
390
378
370
1079
1071
997
878
737
660
589
562
518
481
462
440
414
397
390
378
370
371
370
362
374
385
373
375
361
349
332
315
301
288
278
265
257
247
246
246
238
1079
1071
997
878
737
660
589
562
518
481
462
440
414
397
390
378
370
371
370
362
374
385
373
375
361
349
332
315
301
288
278
265
257
247
246
246
238
1079
1071
997
878
737
660
589
562
518
481
462
440
414
397
390
378
1079
1071
997
878
737
660
589
562
518
481
462
440
414
397
390
378
370
371
370
362
374
385
373
375
361
349
332
315
301
288
278
265
257
247
246
246
238
1079
1071
997
878
737
660
589
562
518
481
462
440
414
397
390
378
370
371
370
362
374
385
373
375
361
349
332
315
301
288
278
265
257
247
246
246
238
1079
1071
997
878
737
660
589
562
518
481
462
440
414
397
390
378
370
371
370
362
374
385
1079
1071
997
878
737
660
589
562
518
481
462
440
414
397
390
378
370
371
370
362
374
385
373
375
361
349
332
315
301
288
278
265
257
247
246
246
238
