-0.46392673837874493
-0.4308800788499105
-0.1182508956093646
0.5050618153351145
1.5156202587608993
2.263936542707134
3.1480891665985498
3.5414363327052123
4.280108470346824
5.007987941539775
5.43663240375923
5.9920400363588735
6.724862480311088
7.263433968565471
7.50345902924502
7.92914306876001
8.237950837267059
8.189464261703307
8.226032204397615
8.54367659218844
8.075288391856516
7.672766229918273
8.11263682040634
8.033887854031692
8.598178712223362
9.111797092489978
9.910795579605882
10.805595387569275
11.634107239535815
12.490920669545403
13.208612171787522
14.25127145099241
14.956341277406102
15.91198428855221
16.027307526507542
16.049252832952956
16.914579607300873
-0.46392673837874493
-0.4308800788499105
-0.46392673837874493
-0.4308800788499105
-0.1182508956093646
0.5050618153351145
1.5156202587608993
2.263936542707134
3.1480891665985498
3.5414363327052123
-0.46392673837874493
-0.4308800788499105
-0.1182508956093646
0.5050618153351145
1.5156202587608993
2.263936542707134
3.1480891665985498
3.5414363327052123
4.280108470346824
5.007987941539775
5.43663240375923
5.9920400363588735
6.724862480311088
7.263433968565471
7.50345902924502
7.92914306876001
8.237950837267059
8.189464261703307
8.226032204397615
8.54367659218844
8.075288391856516
7.672766229918273
8.11263682040634
8.033887854031692
8.598178712223362
9.111797092489978
9.910795579605882
10.805595387569275
11.634107239535815
12.490920669545403
13.208612171787522
14.25127145099241
14.956341277406102
15.91198428855221
16.027307526507542
16.049252832952956
16.914579607300873
-0.46392673837874493
-0.4308800788499105
-0.1182508956093646
0.5050618153351145
1.5156202587608993
2.263936542707134
3.1480891665985498
3.5414363327052123
4.280108470346824
5.007987941539775
5.43663240375923
5.9920400363588735
6.724862480311088
7.263433968565471
7.50345902924502
7.92914306876001
8.237950837267059
8.189464261703307
8.226032204397615
8.54367659218844
8.075288391856516
7.672766229918273
8.11263682040634
8.033887854031692
8.598178712223362
9.111797092489978
-0.46392673837874493
-0.4308800788499105
-0.1182508956093646
0.5050618153351145
1.5156202587608993
2.263936542707134
3.1480891665985498
3.5414363327052123
4.280108470346824
5.007987941539775
5.43663240375923
5.9920400363588735
6.724862480311088
7.263433968565471
7.50345902924502
7.92914306876001
8.237950837267059
8.189464261703307
8.226032204397615
8.54367659218844
8.075288391856516
7.672766229918273
8.11263682040634
8.033887854031692
8.598178712223362
9.111797092489978
9.910795579605882
10.805595387569275
11.634107239535815
12.490920669545403
13.208612171787522
14.25127145099241
14.956341277406102
15.91198428855221
16.027307526507542
16.049252832952956
16.914579607300873
-0.46392673837874493
-0.4308800788499105
-0.1182508956093646
0.5050618153351145
1.5156202587608993
2.263936542707134
-0.46392673837874493
-0.46392673837874493
-0.4308800788499105
-0.1182508956093646
0.5050618153351145
1.5156202587608993
2.263936542707134
3.1480891665985498
3.5414363327052123
4.280108470346824
5.007987941539775
5.43663240375923
5.9920400363588735
6.724862480311088
7.263433968565471
7.50345902924502
7.92914306876001
8.237950837267059
8.189464261703307
8.226032204397615
8.54367659218844
8.075288391856516
7.672766229918273
8.11263682040634
8.033887854031692
8.598178712223362
9.111797092489978
9.910795579605882
10.805595387569275
11.634107239535815
12.490920669545403
13.208612171787522
14.25127145099241
14.956341277406102
15.91198428855221
16.027307526507542
16.049252832952956
16.914579607300873
-0.46392673837874493
-0.4308800788499105
-0.1182508956093646
0.5050618153351145
1.5156202587608993
2.263936542707134
3.1480891665985498
3.5414363327052123
4.280108470346824
5.007987941539775
5.43663240375923
5.9920400363588735
6.724862480311088
7.263433968565471
7.50345902924502
7.92914306876001
8.237950837267059
-0.46392673837874493
-0.4308800788499105
-0.1182508956093646
0.5050618153351145
1.5156202587608993
2.263936542707134
3.1480891665985498
3.5414363327052123
4.280108470346824
5.007987941539775
5.43663240375923
5.9920400363588735
6.724862480311088
7.263433968565471
7.50345902924502
7.92914306876001
8.237950837267059
8.189464261703307
8.226032204397615
8.54367659218844
8.075288391856516
7.672766229918273
8.11263682040634
8.033887854031692
8.598178712223362
9.111797092489978
9.910795579605882
10.805595387569275
11.634107239535815
12.490920669545403
13.208612171787522
14.25127145099241
14.956341277406102
15.91198428855221
16.027307526507542
16.049252832952956
16.914579607300873
-0.46392673837874493
-0.4308800788499105
-0.1182508956093646
0.5050618153351145
1.5156202587608993
2.263936542707134
3.1480891665985498
3.5414363327052123
4.280108470346824
5.007987941539775
5.43663240375923
5.9920400363588735
6.724862480311088
7.263433968565471
7.50345902924502
7.92914306876001
8.237950837267059
8.189464261703307
8.226032204397615
8.54367659218844
8.075288391856516
7.672766229918273
8.11263682040634
8.033887854031692
8.598178712223362
9.111797092489978
9.910795579605882
10.805595387569275
11.634107239535815
12.490920669545403
13.208612171787522
14.25127145099241
14.956341277406102
15.91198428855221
16.027307526507542
16.049252832952956
16.914579607300873
-0.46392673837874493
-0.4308800788499105
-0.1182508956093646
0.5050618153351145
1.5156202587608993
2.263936542707134
3.1480891665985498
3.5414363327052123
4.280108470346824
5.007987941539775
5.43663240375923
5.9920400363588735
6.724862480311088
7.263433968565471
7.50345902924502
7.92914306876001
-0.46392673837874493
-0.4308800788499105
-0.1182508956093646
0.5050618153351145
1.5156202587608993
2.263936542707134
3.1480891665985498
3.5414363327052123
4.280108470346824
5.007987941539775
5.43663240375923
5.9920400363588735
6.724862480311088
7.263433968565471
7.50345902924502
7.92914306876001
8.237950837267059
8.189464261703307
8.226032204397615
8.54367659218844
8.075288391856516
7.672766229918273
8.11263682040634
8.033887854031692
8.598178712223362
9.111797092489978
9.910795579605882
10.805595387569275
11.634107239535815
12.490920669545403
13.208612171787522
14.25127145099241
14.956341277406102
15.91198428855221
16.027307526507542
16.049252832952956
16.914579607300873
-0.46392673837874493
-0.4308800788499105
-0.1182508956093646
0.5050618153351145
1.5156202587608993
2.263936542707134
3.1480891665985498
3.5414363327052123
4.280108470346824
5.007987941539775
5.43663240375923
5.9920400363588735
6.724862480311088
7.263433968565471
7.50345902924502
7.92914306876001
8.237950837267059
8.189464261703307
8.226032204397615
8.54367659218844
8.075288391856516
7.672766229918273
8.11263682040634
8.033887854031692
8.598178712223362
9.111797092489978
9.910795579605882
10.805595387569275
11.634107239535815
12.490920669545403
13.208612171787522
14.25127145099241
14.956341277406102
15.91198428855221
16.027307526507542
16.049252832952956
16.914579607300873
-0.46392673837874493
-0.4308800788499105
-0.1182508956093646
0.5050618153351145
1.5156202587608993
2.263936542707134
3.1480891665985498
3.5414363327052123
4.280108470346824
5.007987941539775
5.43663240375923
5.9920400363588735
6.724862480311088
7.263433968565471
7.50345902924502
7.92914306876001
8.237950837267059
8.189464261703307
8.226032204397615
8.54367659218844
8.075288391856516
7.672766229918273
-0.46392673837874493
-0.4308800788499105
-0.1182508956093646
0.5050618153351145
1.5156202587608993
2.263936542707134
3.1480891665985498
3.5414363327052123
4.280108470346824
5.007987941539775
5.43663240375923
5.9920400363588735
6.724862480311088
7.263433968565471
7.50345902924502
7.92914306876001
8.237950837267059
8.189464261703307
8.226032204397615
8.54367659218844
8.075288391856516
7.672766229918273
8.11263682040634
8.033887854031692
8.598178712223362
9.111797092489978
9.910795579605882
10.805595387569275
11.634107239535815
12.490920669545403
13.208612171787522
14.25127145099241
14.956341277406102
15.91198428855221
16.027307526507542
16.049252832952956
16.914579607300873
